9671
2410
859
4525
6074
1616
2837
3892
4667
7805
6086
5912
757
9071
2075
5633
6871
4388
1886
7677
7061
8209
7000
3535
3058
270
549
6838
3336
4706
1693
7232
8684
502
3667
2532
3418
7941
7034
9326
9234
4067
6202
1376
9733
9384
2241
7883
5472
3029
7961
8889
193
6464
8121
9677
6974
9262
7866
1272
4689
2561
1083
5691
7146
4569
6833
5751
7973
3315
6211
930
2997
7802
9429
2505
869
828
841
7614
5623
3180
5645
4121
3643
9555
2154
5589
3110
3845
2141
7795
2627
4318
6615
5828
497
7535
4007
9571
4813
2482
3656
7777
8866
7299
3546
2966
9831
305
4877
460
9463
793
8624
8606
6550
2144
5623
772
9295
3875
5401
8375
1167
8825
6999
3109
7378
3647
7073
1196
2761
7951
6725
2223
129
5352
5368
8556
2530
1209
5244
7527
1604
3581
248
9603
5459
1314
7226
988
8780
3543
8130
5875
5024
9209
4700
3681
9244
9662
2713
4163
5371
2668
9962
6943
6939
9087
186
6784
633
3576
2572
5382
8628
6214
1649
5935
1318
8547
3301
9003
1433
6905
5780
7037
8378
4969
5876
6487
2262
5154
3016
3060
4650
6428
3932
798
7061
3435
199
4587
8896
7889
8376
3370
7730
4946
5579
931
8467
823
1143
4375
9736
7119
2030
5994
6843
596
1104
7228
5100
8183
3399
8559
533
4533
306
7081
9030
1597
9992
6068
7333
4820
9609
4214
9770
2470
2958
8565
7599
5339
7873
3401
3726
6435
8338
2832
5507
5494
1098
518
1064
7286
7069
1870
2078
4533
2375
3675
9234
4332
5875
4343
1549
6697
8268
2795
1751
1755
9412
3293
3132
2804
9104
7132
4291
6308
3831
8259
4466
4303
5779
8221
5025
1174
747
1915
1860
9968
4957
7739
9984
6979
4266
1191
1366
5636
9356
5822
4476
3549
4333
6693
1008
3453
2089
7918
6720
809
3186
5999
5829
851
5394
5614
8600
5128
7778
5249
4290
2277
6051
9027
9443
2639
45
491
3449
8278
4451
1302
3184
3719
4993
3864
1316
7741
1388
3164
243
1260
4449
111
3760
8803
627
52
2826
3011
7400
2068
6721
7961
8259
947
2268
552
9640
6875
1800
8686
4568
9594
8219
9585
2980
1148
1024
683
5603
6155
8333
1973
5053
3944
709
1986
5834
3832
9702
7174
6205
1789
7471
8609
9625
579
1354
4449
4576
2722
6826
8439
4556
9102
2366
8890
7779
2398
205
1210
431
4542
1318
2564
5935
3621
38
7156
2977
8129
8395
7682
206
566
6001
4971
8050
8010
1349
1517
2834
510
5346
5851
8797
7556
9089
676
3693
576
3555
6906
2516
2980
71
6059
7316
9676
9572
7250
2302
9443
7972
5834
3908
22
4789
7377
8230
7767
613
6548
1227
803
2014
922
5025
2665
6764
1976
9884
8004
7284
3181
9417
5047
6593
5994
9101
8785
7074
423
9449
2010
6803
9465
4945
2523
1430
2837
342
1617
3243
2352
7226
5871
9847
5157
4130
2436
8164
948
824
8755
7865
9118
8323
6195
1241
8476
9703
5198
212
5820
2081
6524
3173
2667
3163
6112
8102
4958
1406
3954
3392
3343
9570
3326
2829
3817
6767
5587
5359
2472
7683
2768
3840
1646
8605
6930
1595
1250
3788
5762
186
4499
7794
9105
3163
4409
3068
4796
4444
1289
9029
1726
4851
8245
4845
7792
4393
4857
3467
6662
5171
1226
9425
4955
9035
5756
558
2569
8784
7349
3677
1947
8889
5327
7515
3410
1183
1996
9458
2237
9747
5567
2404
6498
9903
8041
4359
7512
9168
6467
9949
3410
8314
1323
6754
3917
4540
4415
5487
6191
6381
6667
5530
1377
7949
3022
3367
2447
1834
4283
4400
4639
1181
7063
8152
9040
6977
4292
4632
5938
850
6021
8977
6105
728
3175
2474
8446
7201
8715
1619
4365
2852
5762
156
1109
8166
6925
7930
3542
8794
3864
9591
6746
5715
9497
2337
3190
9671
9836
5975
2968
9857
6590
8232
803
6802
9407
1633
4402
4670
3169
4282
540
8989
3725
1264
6821
9760
5597
7130
2170
2156
3461
2227
7688
2846
9542
485
7991
7939
6062
3925
8877
342
3979
8961
1260
2736
4127
8072
7030
867
445
6894
8658
7176
1116
7691
6407
2153
115
5483
6464
2826
2888
1876
1010
9499
1599
1413
3091
8054
46
2094
7569
5484
3843
6426
6725
4870
660
1579
6443
5003
8270
9039
159
1316
6733
7546
214
995
6451
3347
7599
4325
3180
5365
5753
4239
2231
3400
3458
7800
1333
9449
1333
1817
4490
5331
3896
6794
1606
8513
3848
566
8393
5027
3039
6616
5499
4414
9677
9480
9569
3066
8176
601
3666
2014
1829
9328
4132
29
645
1260
7032
7995
378
1450
1905
9351
1460
6010
6230
5387
3410
234
5463
4734
7070
695
4208
5537
5224
3313
8186
3264
5896
4045
6791
2179
3070
9841
6548
3544
470
8523
3551
2923
1929
9217
8345
1920
7689
5376
9466
6694
9618
1650
3276
1800
4660
3338
3396
2919
5172
1274
7348
4131
4720
1382
9782
7155
3712
3767
447
6120
6150
6844
8529
9484
8765
1259
58
1227
1848
1715
141
3624
7372
1943
958
9094
1194
6758
4044
7660
7869
2231
5939
3830
7597
8930
1511
4167
4730
7696
5661
9965
2829
8047
8220
7922
3155
2554
6872
3912
618
3166
6010
4177
6777
3117
3077
1218
9045
4723
3488
72
4654
161
5072
2697
6215
8840
8102
4776
5842
6129
8299
1068
1799
5502
5517
661
9270
1756
8567
9903
3624
2987
5649
4634
2546
2626
7586
7454
9380
2187
5376
2586
7963
9050
6838
7147
4504
9571
3616
4770
9707
9374
6768
2941
5005
2865
3735
2847
7222
8994
3912
7221
2502
3881
1284
2692
5052
1089
2295
3178
7742
6046
9943
5480
6199
7039
9947
9657
5176
9436
8219
7295
9810
8429
9604
8214
3881
6326
9707
782
6347
8324
617
2517
6169
2056
9359
4308
6949
1531
5325
8752
524
3734
7846
712
2148
3249
3555
9082
9468
8994
6680
2729
4788
4103
4646
274
9269
3778
9079
9004
6775
82
9217
6625
281
5358
5054
9318
3980
8804
7001
4710
1243
2223
8056
5950
8690
1016
5682
295
1078
2668
4652
7001
6823
7115
9976
2073
3812
1056
7402
4069
8725
4846
2688
6921
5790
7649
1503
2458
9271
1922
2421
4946
8425
7417
7090
4513
542
1340
3323
4861
7413
7734
6805
4270
5772
6755
3473
7190
3317
4722
4335
6883
3799
7418
7285
8426
9354
1020
5525
6829
4568
5183
4656
6496
5047
487
6378
5602
1710
3495
3580
7209
9614
6504
8670
9752
7741
8439
9717
5211
6902
9802
7161
2401
1925
7318
5777
2849
3845
3757
7397
4263
9491
9076
9109
1719
9248
827
2335
7369
1780
6623
8944
2982
7510
9638
6479
2567
9135
2045
7576
6973
7263
4109
2884
5836
18
7027
9057
4881
2062
7451
6143
4196
6093
5159
2124
9130
7371
5533
6
9716
2981
1418
3365
2477
2559
6533
6238
2490
6130
9475
8216
5754
1880
3103
8124
880
1716
318
4641
3790
5125
6466
5636
2874
9515
7544
7389
5092
4749
3341
4002
9263
7393
4241
9417
7487
3448
1627
7137
3742
234
5511
2076
1612
2698
9135
919
1598
4980
7562
3432
1623
3212
6440
9487
8458
3330
3839
3290
211
2662
5153
3204
5259
7291
5954
6800
9610
5255
9779
8545
2791
1571
7499
2816
3588
5922
5629
6895
7471
3314
5549
4444
7318
3063
2167
6194
2810
1566
8126
9641
6371
6342
9795
8494
9981
5421
6980
1097
2215
1316
2574
2950
844
4867
1387
4000
9424
8687
6904
7082
5304
8838
2497
578
8279
3501
2439
8524
9064
6055
8180
2095
9332
6068
6727
3590
4087
3289
9709
813
2693
5082
7082
3857
8285
8005
2372
9928
3881
6518
2117
1053
533
7823
3036
9374
9996
1827
1941
4269
7064
7586
5298
5800
780
5541
7419
7811
1784
1997
9705
6149
3046
479
8249
2333
8984
508
1918
2004
9713
4367
243
2852
1977
9843
9453
793
6806
5571
4890
3888
897
3301
5747
1413
2509
2769
4747
9076
1918
419
8236
8065
8954
4652
8554
9319
7969
4215
9500
1021
3606
1786
4078
8845
4825
2124
301
2658
1509
5464
1420
1053
4136
7132
8498
4186
511
877
7843
7480
8105
4516
8025
2180
6751
6397
4974
706
1090
8547
2465
8001
875
7814
7775
3800
3206
360
2644
7315
2337
2347
1783
8331
1578
3134
8944
7373
1871
103
7504
2498
594
7428
5656
233
2283
2517
4160
4458
682
2356
158
5767
5911
7415
5312
2377
4819
1691
5386
5232
8850
7074
2800
5548
3057
1954
4542
7447
4075
2595
7420
6612
9023
8723
394
6270
9521
1368
5067
2718
5538
6851
2469
1316
5387
2746
8852
1444
2673
1265
7476
9973
9191
1866
5879
9674
203
4867
8150
4904
4543
5399
1915
2908
9373
2698
8327
7284
1580
8042
5429
2664
4643
6277
7101
6962
4067
9142
8337
5885
8645
9095
6928
4466
1725
6915
6160
5590
7779
8391
351
506
6228
9807
7586
1911
2208
3643
3485
258
7438
1633
7344
3483
2740
1794
5621
6797
8422
1121
378
3367
8596
6127
1917
7000
3956
4238
8207
883
1325
6809
4767
6962
3435
7903
9542
4289
3733
4651
8724
1146
3387
697
4717
7272
4500
8341
6631
1820
5073
661
5217
4329
1057
6500
82
9294
9966
6675
3264
2214
3429
2457
3758
4488
2284
8730
9189
6202
451
9537
538
1261
1239
5878
7414
91
3995
675
7936
7688
9912
4707
8595
8795
3658
3476
9681
5356
1351
5669
4572
8580
5224
7540
4051
1654
3244
2506
9221
5004
5213
3275
6202
2172
2914
8379
5428
7179
3652
3857
9097
5142
5359
3695
1282
6920
5513
4089
1543
4598
1041
339
5138
6137
8699
1810
9655
1148
2554
4151
7307
5028
5644
9889
4837
1432
9784
9177
1724
1476
458
6441
1121
4109
6770
6314
6245
8983
9726
9019
1940
7113
8057
1241
3361
2313
719
370
6794
2872
36
2338
2448
9902
2462
2764
7385
9715
9817
8327
7103
7249
3946
1815
5078
8860
2299
207
3486
3198
5490
7226
7816
1136
208
8593
3172
3892
2054
5716
4919
4211
1595
9527
8471
4168
3443
8378
9910
3227
3524
7391
2162
3556
6916
3718
4195
7526
9654
8337
8562
57
8238
3743
9939
6016
9787
9543
2503
4088
9218
8049
4256
1041
4507
3038
3134
9095
6415
470
6592
778
209
6696
1239
2758
7692
2851
1784
1047
8019
6031
6071
1467
6480
8713
1122
6655
1650
2352
336
7081
1736
1377
195
5471
5978
6123
7722
6784
5892
5754
2034
3276
1024
243
2896
8190
2422
7493
9847
356
3441
9882
1279
6632
8028
7794
9363
4436
5299
918
3316
4356
5268
8803
2297
5911
4513
123
5590
104
4478
3543
5809
7307
1965
2368
974
9989
6651
2373
9941
9644
4950
5097
4118
782
8997
5542
2546
6895
6805
3632
2584
5258
6245
6668
5449
8336
4964
4774
394
9327
4062
5241
4018
3095
7461
3131
8464
9638
182
1413
4185
4762
223
2517
2307
7233
4362
33
1882
5661
2428
1828
8449
7710
4435
4769
9909
47
2754
7687
6454
8177
6487
7540
6207
6753
2943
3563
8596
4151
5417
449
4869
9107
3490
6497
492
1535
6659
4030
5846
9781
61
4176
3800
6209
6833
658
4297
4009
4123
1133
2120
3043
7773
4977
9839
8907
4717
7769
3953
5247
4935
9925
6628
4684
762
1148
6905
876
7857
2399
9982
5968
2152
5321
8727
2571
1895
5586
3296
1072
3466
5775
4117
1764
1559
1714
5374
4053
3491
2116
315
7070
1685
3400
2199
7950
3924
491
895
2987
4771
4558
2144
7335
1505
2194
8669
4937
5370
2468
3010
871
4354
3279
5010
1453
3556
2909
1462
3565
3821
102
3677
998
642
8115
3723
9889
5562
7060
8864
4038
6525
8876
3141
1098
1572
5394
4105
2124
4579
3323
2763
6231
1281
8296
8498
3884
3411
3274
7490
6005
6226
2692
9217
1009
1846
1198
517
308
934
3788
8932
6534
5262
8760
3280
8470
8854
4887
9330
7394
3211
3450
3033
8065
3335
2918
2366
9645
7168
459
1564
7787
1816
8259
7524
4673
8248
6746
973
3309
4577
3877
6999
5038
7833
7642
5727
2968
6006
9940
9502
9802
4754
6882
3745
4398
850
5348
1203
5984
5207
5575
4380
6817
7425
9788
6117
3396
7225
5570
1695
9011
6195
4297
9072
9466
1312
7782
7290
2259
8614
7781
2648
2658
5722
792
4615
8301
5095
5912
9769
6491
2688
8687
5031
1608
3897
113
1961
6052
5939
7681
7582
2967
7131
434
7662
8400
4314
4628
5718
6896
1460
5632
8047
5031
5201
2954
7862
4856
7208
3011
5668
2784
971
4786
3133
6876
7737
4859
5641
5608
8630
6446
367
2129
5870
2417
4191
2460
5411
5439
3424
5687
9605
6047
9920
7657
3170
1596
331
4014
9133
5246
8579
7488
904
5654
1476
3869
2173
9356
9897
337
4052
8879
1782
9349
7962
2218
5525
7327
1488
4520
7936
8679
3711
3742
2151
7044
5875
9437
1818
2962
166
1514
7452
1303
4027
2322
4656
7743
8177
9219
9773
3270
6636
5189
1446
4631
5850
2501
8695
1259
2819
1237
7207
6985
5067
106
7680
2319
2279
3938
6855
7063
9206
6613
9031
4558
1194
1947
8856
7302
5695
6678
3065
2895
5312
5579
7539
8025
6871
4647
7736
5849
3484
8492
3753
6494
2692
8792
4059
2448
8408
5804
6813
695
7929
290
6841
8747
2498
5604
9547
9863
3893
8977
8284
954
9739
7578
7779
7276
6658
3992
2598
8959
4224
5482
5972
4448
3784
7497
3945
7433
6112
9188
7462
8122
3912
4768
777
4792
6590
4300
3828
5065
4623
7558
9609
7575
7443
8363
8732
7701
6181
3188
6784
1954
2831
494
4823
2284
1582
7366
2508
2115
4483
2505
7471
5126
1553
261
1440
917
8386
8558
6619
7381
2801
8328
700
43
1376
670
9015
2864
794
9179
3245
758
1914
865
5516
1394
47
5299
2938
4938
4541
1388
2562
936
5717
9368
2020
5664
235
2151
6058
4894
4730
889
6881
4856
9695
4401
9722
6326
9818
5152
7058
6471
3858
8430
2052
8753
1688
1800
1202
5867
88
6269
7497
9366
30
4079
5760
7516
1368
8884
5145
9444
973
1579
8147
4114
6635
651
6616
3182
844
6883
1847
8254
7950
3154
1237
2336
853
8409
2960
9982
1660
4971
6544
6104
9058
3766
5393
7604
9190
3432
5425
3422
7903
8885
791
9869
6057
7106
6091
508
2218
8937
9791
4874
8677
6142
7187
7676
7319
6204
6195
8335
2091
5690
9961
6218
6740
2672
9708
4802
2819
2119
2996
3392
4504
8189
9533
4540
3007
2015
8108
4156
9320
4824
838
7647
7156
480
797
3721
1909
2198
7514
3659
7521
144
2710
1767
9157
2634
6632
6211
8051
3981
2114
4999
5771
4080
4987
8803
9978
3571
6534
4304
1836
8410
4699
2980
2161
9351
3062
2962
3465
4100
3587
1172
6688
6321
8733
7963
4664
1070
9835
7208
9850
4894
9483
4516
3368
3645
905
9545
678
8863
3249
6842
7608
3150
9459
9858
262
1059
8460
5842
1546
2781
562
7552
1516
1824
1151
2622
5568
6088
4258
1658
5722
9663
1635
9603
7212
9450
2137
3224
7277
7305
2091
6881
6116
5900
8529
9512
506
4698
8615
1246
3712
4817
9047
2283
8045
6248
5931
9350
9354
5834
2802
3136
5320
1768
7680
5839
2865
8046
571
2619
4785
702
2112
9316
6468
920
4217
253
7419
3906
3113
6822
8473
1285
4662
5245
8103
926
3174
6113
7103
2848
7531
1471
5077
5688
8194
1798
8240
1865
3957
5812
8081
8132
6086
3805
2822
2570
1305
8672
2674
623
8914
8395
4370
296
9207
4891
6674
2387
7106
7089
2801
4334
4280
4556
4524
5201
755
9916
1793
4974
791
4791
2364
5916
4038
1728
1816
4027
799
4626
5068
766
5255
26
1964
4761
6018
5507
866
4902
9355
9713
2878
7694
5631
4899
2617
5451
2152
415
3267
3862
9318
505
5486
2471
5891
3617
702
7977
4194
4546
2912
4118
6899
1236
8582
6619
2845
5189
219
1968
4659
8590
3203
5260
4721
6379
6074
4960
4749
6616
8148
3149
2601
2388
2205
6598
5845
5635
7278
6635
4666
9396
7391
2487
5466
2999
7150
591
2119
8588
1305
2300
7205
1583
7156
2965
833
2085
4337
2017
1116
7039
425
4874
617
7812
307
4758
5074
3057
3789
7952
4758
6138
4500
5069
9761
5486
5860
4230
9424
19
5316
2368
5070
7802
1434
6425
9063
1369
6509
6474
2431
5123
2719
9342
8261
1603
5635
7641
6456
1583
4744
8943
7229
5501
3292
8465
8054
8342
8615
2248
1415
6447
8490
3193
7580
3671
3634
6234
7820
1486
2043
3978
6391
712
2911
6661
160
6461
6454
9993
1159
4944
8120
1586
8525
2292
6738
1706
1035
2189
7041
7434
1604
7964
6718
3827
9720
3998
5533
5653
3156
7832
7259
9102
617
9986
3990
7252
128
5579
8702
7679
1438
1846
5932
3753
2637
6808
2002
1068
8722
1407
3400
3653
1798
4611
9747
1388
671
7368
7122
3540
4343
5726
5672
5735
3996
8600
8101
3704
6718
6166
6962
3367
3082
8708
8919
4384
118
9659
9784
3447
1133
9597
9491
9001
7050
4806
8614
3230
7597
6422
3954
4444
8437
6407
4892
1357
9357
8286
6986
5206
744
596
2675
9387
1876
4539
8854
7748
5639
2338
851
6675
5674
9011
499
660
5428
7610
2049
6279
9282
4378
4071
1666
1791
1517
9896
9094
8621
6986
5568
7016
7116
1391
6865
3628
8592
3558
6346
7459
8772
4237
166
2395
9305
3345
7895
3356
1534
9974
3679
2113
4124
8731
1654
4296
2111
2136
1232
770
7236
5968
893
3301
9640
2728
7046
9865
2868
8172
1071
3816
630
4016
8600
6819
7362
4792
9274
5385
4511
4173
5326
9892
5473
102
1930
9810
190
477
3097
1260
783
7273
2415
4528
167
7252
5407
1771
4155
9262
3893
3446
4762
4979
860
7877
4928
5629
5988
6241
7662
9611
5863
8949
1028
5687
4309
7099
5600
7641
8510
2162
7685
6598
2974
5717
9885
9093
7209
2055
8282
781
6354
194
9007
9209
4754
7753
9273
2981
4677
5396
30
5230
2753
4387
5713
1792
9393
1242
6877
1387
811
3540
4238
897
2356
3933
8202
5671
9254
9684
2076
4352
5633
1831
8333
8728
457
2519
9667
859
299
3180
3105
3250
7579
5339
9564
7737
4118
3949
3710
862
7026
215
6748
2942
6235
7662
4448
4397
9602
8615
9387
1182
3247
4494
502
5445
7196
4864
8878
5653
8567
7173
9120
9502
2314
6259
5125
1501
2489
3220
5011
7005
100
8801
348
3383
9748
2383
9843
3830
6923
6403
4104
100
4147
8667
8970
4386
7191
7640
7962
8211
882
2245
8817
5884
1290
3375
787
5674
2133
8668
4550
1787
6618
6676
4452
5252
2676
4504
2261
3759
7234
2462
6484
1211
6372
6682
5021
419
4976
6562
7338
8657
3591
3571
1538
58
5260
2557
9967
6710
1009
7888
8722
7451
5775
5510
1053
752
2566
6630
4325
5095
8218
8472
7057
1617
8837
6407
3458
7154
5265
3060
8240
5214
3214
2135
6900
3206
3694
328
9421
6471
2403
8635
2103
6978
5262
5861
3238
8137
3707
3144
822
4792
6844
4245
4593
9705
6300
3784
6263
6809
6382
9323
1682
6617
4766
193
1713
9818
8135
6244
492
1879
5907
7360
2403
8579
7662
6732
8121
6229
6398
9526
6695
6549
1899
8123
8528
9177
4650
1541
1377
2918
1294
4598
837
3644
6897
3273
7829
8549
8262
2614
8381
6261
7765
4611
3429
5166
3255
4146
2407
2591
7688
388
710
6022
4103
784
3847
670
4010
8444
1007
307
5621
2
8188
6285
6099
8991
7854
7055
6997
3290
9884
5819
6135
779
8791
2245
4439
1587
1185
5318
169
4163
6621
2776
310
8980
3209
6747
3725
1368
1476
30
7947
8909
4694
9173
4245
2999
8923
4527
8465
6420
4338
1591
8753
9261
4773
4746
7376
2754
4351
3555
9171
4861
4484
82
1458
697
3553
4331
5960
1034
1111
5382
7734
5322
9192
3322
3096
50
3243
7702
1644
6888
1792
2238
5839
6568
3068
2867
7430
3297
7170
8785
2787
4616
5488
4324
7702
5614
8871
1457
6612
6379
4999
8874
6093
375
6985
3923
8326
5553
4110
5392
3815
5450
875
6881
3902
7224
789
5564
9090
2178
1521
9025
5422
9646
5698
6803
4093
2635
238
8641
5915
4219
58
2688
7348
9686
7685
8086
2170
38
8304
4413
1686
2166
7029
4420
1987
4052
9312
9158
6260
9320
9911
637
2757
6821
8621
3819
6137
9205
5179
5658
6529
345
3215
7389
652
8647
8406
5386
7122
82
2630
6317
9964
4510
3693
9780
9740
4145
7121
9880
639
8774
1089
5068
5868
7640
2551
4873
6452
3557
492
3549
6586
2561
2286
7394
2213
5212
9023
5722
2715
6193
5634
3197
8048
3762
3946
3929
2878
672
8835
1639
8438
7162
5298
4946
1929
1867
8405
1492
125
6527
1869
2604
9808
5289
1116
2477
9797
6635
5411
9314
2206
5056
7918
4484
9818
4994
4036
4647
9593
2446
913
5397
4861
5430
4725
4346
144
1681
648
2266
6833
9935
4847
1611
3991
1952
5558
5083
2350
278
4111
2011
7966
5179
4699
7128
1719
8791
7129
6567
2055
2605
628
8207
1153
3578
939
289
7593
7371
130
2343
3992
4681
69
2882
9357
735
3074
4638
5526
5788
4558
8122
2841
796
3300
2587
8776
3837
1295
620
7358
5952
1055
6768
9777
3749
7067
8020
4273
7524
9482
5972
2338
6480
6550
8650
5159
6752
4515
3459
1267
941
7191
6665
6214
4053
2861
2821
2111
4033
4155
8574
3311
1726
7730
836
4066
3728
4269
9383
8831
8613
1615
2687
9526
5149
9310
7521
5242
2782
5766
1045
8822
2587
7054
6891
581
72
5965
5216
909
2330
3261
3413
4316
4416
8314
8200
6204
5930
3531
8714
9937
1580
7295
7929
1166
4626
142
5727
6270
9579
6297
8122
8421
4352
6901
6721
8149
268
5756
5125
7722
4657
9083
1425
6997
8305
7536
5404
4559
4899
7533
2442
8119
772
7808
4852
8696
1440
6965
9407
9193
4447
2231
4100
6136
3203
9693
4778
862
174
2279
389
7876
5483
8000
1381
4208
8230
5247
7948
7647
9390
3157
7436
9044
6555
1138
5165
9610
2965
6014
148
1066
3933
5870
3423
1144
379
3339
4033
2133
6108
1094
9145
1795
7955
1061
9945
2341
5395
5780
8412
8436
5605
1847
3397
1343
5782
9829
4799
952
3044
7072
2419
6177
5942
4262
1776
8630
1458
7694
8254
6864
3912
7852
7296
3232
9669
1589
7830
9430
8016
4314
3308
9234
5832
3666
252
738
339
3604
559
9743
7885
7006
669
6376
2706
3072
2570
1661
8440
5924
5054
6078
8457
2204
6359
3598
2202
2445
3408
3426
3419
7959
3421
2540
450
6551
7237
9374
5093
9298
3076
1276
7605
1701
7396
605
8538
651
5486
2770
4001
6717
9332
1
4835
8388
5669
4979
5120
123
9969
4342
8301
4452
202
5654
1625
3244
1665
8716
2711
2898
3044
1622
714
6592
4665
902
7837
2472
4202
3667
7354
1991
130
796
3824
8185
1455
1748
8358
6352
3667
6668
3649
5246
1342
6169
7614
9225
2366
4896
8367
2759
4305
7051
1548
623
9861
8671
2939
3259
7929
9651
5713
3854
9622
4473
5704
6624
75
3936
4203
7452
4429
324
7048
1781
8191
2384
6799
1342
3285
4656
219
3408
7071
3366
2858
1876
1745
4972
1675
8967
2747
8395
4708
9686
7821
613
6096
8448
3028
358
5293
1060
6700
705
2998
4792
7276
2722
4385
9040
590
8013
1270
1990
9160
4952
1285
837
8220
8224
9080
6528
3633
6404
4437
6709
9742
1807
6994
5565
6588
7339
5129
9063
7471
4821
3550
6739
4967
3441
40
8485
9728
7633
4142
8586
6768
6231
8956
4504
6921
2204
7420
7379
2709
1359
2900
2787
9952
4484
4129
5574
1581
6053
6742
4272
1825
9988
4597
9610
4365
7426
2127
7983
2369
4110
7419
3171
1054
8283
4807
6726
2279
5420
7366
3063
6171
6905
2416
9566
7245
6989
3856
4025
4013
388
8635
174
84
5674
7384
6397
8257
9097
3958
9046
9985
705
9241
1331
2304
1255
8259
7424
6820
9799
4059
3868
1818
5942
1432
2320
495
2168
432
5396
114
9639
7498
5245
4223
2948
6693
8492
5898
3576
7641
3071
5873
5412
8718
9286
5303
4289
3787
1925
8265
2220
9812
54
1495
2421
617
1278
5142
6956
7251
4529
5851
5064
3146
7831
8915
518
8646
8530
2127
7011
9151
338
315
6993
3557
8014
6746
8385
1922
3836
1535
2783
810
7400
1817
7727
5895
4073
2816
5102
4082
6363
3653
1935
1414
9817
7365
406
274
4955
9024
2556
5310
9936
1150
5839
1974
9221
4877
1344
7774
4835
8972
4674
8018
9194
1914
709
6078
573
6409
1807
4457
2644
7101
277
323
3454
2106
8086
4538
8146
2271
5726
7951
187
3710
5939
2
6896
5730
1422
2896
2067
8454
5279
7956
6024
2860
7057
9109
648
2585
8483
3427
845
5881
8347
2784
8329
340
4612
2810
2065
9031
7142
5644
4274
6737
8284
7722
6372
5761
6862
5486
7978
7501
5826
7772
5283
9020
6295
1925
441
6757
9270
4308
1648
8937
6480
3338
8724
8252
2601
5117
3022
3414
2418
425
5910
1935
8002
4111
7578
4324
7829
4807
9908
2485
9554
6246
8368
3033
7475
5908
5597
6648
854
6167
3114
4170
3322
9690
4251
2727
7669
4408
8650
9611
6737
8018
5123
4462
3901
1173
1487
7508
8957
9819
6876
3821
4297
2742
1533
2322
4210
8221
9296
9444
9799
355
9450
5950
9754
1709
8217
2269
4833
6301
4921
5781
9818
5957
6709
7612
4361
5444
4050
3857
5947
3219
6689
5501
9996
8334
4100
3111
6703
608
3752
2802
3738
519
7690
1836
3977
8326
3109
9556
6564
6018
8524
8290
3335
9355
719
586
6234
2604
5740
2744
3871
3119
416
1854
9118
6725
7277
8982
7593
1721
4119
9564
690
3910
5603
9809
5466
5647
3440
3739
6277
9889
6882
160
3177
4817
3026
2383
9600
9955
6295
1243
2255
693
7936
912
9253
2366
1032
501
8874
1879
3633
5549
3284
6020
8084
3118
4365
7499
8503
4777
347
4795
5506
5762
6521
2472
4877
8837
3024
2717
1603
6726
8003
6776
2251
4327
168
7818
8147
5993
7081
75
9656
4022
5524
7383
3558
5923
5281
8281
4014
4428
1336
7592
2963
1363
1771
1047
3738
5102
6787
6444
4134
6127
7826
3981
8848
4727
7137
7233
7909
3350
2445
7450
2945
4781
960
9348
2271
3359
9223
7267
1589
8923
4541
4778
363
8949
1222
4574
2077
8525
9
6331
5052
3380
7288
9552
1173
7550
8097
2956
6859
7558
670
8238
6726
4713
2421
756
3698
3083
8577
3785
7441
2490
3491
1385
7535
8935
8485
7627
939
9287
2039
4241
3792
6068
9671
7989
665
4871
6485
8362
7214
5113
2532
1186
6258
335
3711
9320
2194
3058
3426
2846
3612
8520
2213
6184
8002
5149
737
4903
2938
289
1969
1881
5969
7379
7790
1617
8001
7242
8178
1696
483
7444
4649
3910
5477
9849
3602
9672
124
3443
395
7537
8539
8690
8300
8916
2980
3685
2199
2080
1252
5469
2371
7484
6505
1851
6395
3408
636
5794
9446
1150
8059
5106
3680
3604
4042
2829
5612
5331
9126
4541
4392
1455
9047
7075
3951
129
2457
3648
9625
5152
4831
6559
8904
4243
6605
9493
8268
9382
602
7403
9233
4962
35
2529
5729
990
1231
7718
5925
1802
5004
7014
9672
3043
2596
538
1357
2528
1134
2232
2095
132
925
1406
1239
1300
4132
1194
5788
9760
5761
515
2090
4713
9239
2921
5606
2341
2149
151
9584
6848
7766
8061
9152
6267
4143
8481
7246
8516
6626
6911
4783
2004
8667
4408
8335
4158
2013
3470
2461
817
3495
3139
4829
2936
9854
1869
2953
4070
2813
3317
3449
8877
5606
5219
7896
8622
7561
3260
9925
1392
873
4620
9223
7676
8032
3358
359
3817
678
5624
8183
1830
9382
251
4097
4235
5607
5521
7829
4725
6050
7158
1341
4533
3949
5748
18
3050
270
3207
6891
3440
7149
4848
8621
4779
7336
2547
6131
7515
9338
3634
7347
7655
8806
9827
3295
7940
4806
39
8648
2525
7478
837
3352
179
7404
8509
6171
5000
3840
2850
4632
5027
2522
5017
4979
9679
9891
9190
6017
7654
7023
3144
1604
5591
5658
9321
8513
3645
4500
5849
408
6160
740
180
1387
4503
6840
9719
133
4363
2761
6716
2808
1654
247
1552
7292
852
8929
6758
9202
4754
8583
9660
2728
6858
706
4763
3562
9899
460
4947
66
6983
9346
7130
3964
1107
5718
903
7185
655
2721
1657
1440
6484
5684
9214
5411
2221
8340
3244
7184
4215
1301
8851
8745
6748
2826
49
3356
682
8304
9451
6857
3490
10
2651
502
4280
365
6619
1646
6343
7916
7499
724
1389
4335
2243
4212
3134
8474
7722
6724
7619
3242
5410
611
496
1321
6476
4805
7942
6592
7512
1350
1864
3265
1131
2215
7455
3869
7688
183
3396
1478
4983
347
3737
5593
7878
6070
2905
3746
5184
5893
5315
3067
7676
3510
3903
810
7331
2818
8494
7594
6692
9862
3924
9345
8201
2450
211
9457
1331
5265
4837
6943
5084
7768
7052
7471
9440
9029
7145
9502
4859
8829
3824
4489
7164
4520
4946
8806
3333
4296
6522
8894
4427
1816
5174
3591
6924
7964
8795
2325
4716
1523
1758
61
4923
2208
6398
4814
9872
3803
6085
9456
5126
7623
1661
1591
8677
1848
7841
6237
1255
4771
8673
2240
5604
327
5995
2730
4983
7409
167
6921
6949
6065
9628
9622
4005
1886
1449
2550
232
1702
2965
2291
2973
8566
5857
346
1232
6488
1879
7924
5039
7274
1292
106
436
1739
7943
4013
7497
2127
241
7545
852
2655
2702
6967
4005
8587
8545
9997
5289
7221
7176
4764
5183
9152
8778
2411
3087
4483
4899
759
5741
7717
756
9267
6816
6088
2948
7888
7500
3875
4639
4189
9231
5266
8681
5010
2164
5641
6310
1350
9258
711
6248
3804
2307
7454
9835
1218
4036
6381
9512
424
7156
6107
1548
364
5941
3635
9693
2566
5245
3804
9103
2158
8646
3039
5564
6089
5929
1558
2177
1427
176
4872
3059
879
2771
3283
3506
493
9201
2811
292
5942
9329
667
8945
478
6029
2930
7840
2040
5280
8638
5716
6641
4309
4296
9347
2146
7149
5863
8530
4885
4002
4080
3354
1238
5490
3939
9027
7433
2870
6970
2043
7676
9975
9634
4382
2424
2572
5115
4610
9197
573
1541
9117
6070
6466
6588
4058
4092
2648
5685
7189
4562
4281
1919
4635
3717
6583
4405
5152
7436
250
2584
6852
8880
9360
9585
1972
8712
8102
8471
95
7613
3105
3022
8964
9681
2660
4985
2585
3704
2324
3985
6983
4582
7009
1693
5769
1869
3908
7600
2056
1875
728
1959
9307
2415
3297
1592
9237
7168
8341
550
1576
9319
378
8994
3098
7337
9754
8084
1107
2316
4080
1755
582
1645
4497
6298
3060
5897
1441
6760
5894
8797
5202
885
6363
803
1470
4503
8255
3169
2641
4388
6359
1945
5459
7673
2226
4157
1826
4805
7433
9911
6690
4486
776
877
4370
7690
1849
7654
5327
8024
4386
8785
6062
4895
6022
5170
2404
8458
4601
7012
3974
1995
3189
8816
1471
9735
9310
2027
5452
2694
4612
2022
2159
9485
4328
3012
3959
7256
6573
6298
5180
5203
4352
5820
1643
9911
5190
9983
4999
4955
1651
5680
1089
3321
7440
8635
1431
2480
5673
489
3222
5182
3209
462
9822
705
9022
5554
6902
4135
4314
2759
6604
7928
8623
4495
1614
1645
970
6123
6542
4157
3338
9467
6934
1537
4579
449
6823
9056
6228
9469
7045
5947
6933
4999
4184
6587
5064
2025
5981
7379
243
9616
3671
7048
9569
135
4816
9785
7962
1399
6796
5810
3091
1342
4350
4206
4240
9056
1347
7514
8336
9507
1076
6145
7380
960
9720
4520
6310
1939
2462
6847
4848
1992
1296
6716
3862
8825
3070
1909
6366
7872
9458
3148
7985
3011
2668
3358
5255
1191
9366
8518
8830
6068
2634
5084
2066
1175
481
3407
9080
7045
1997
2989
530
6008
8724
5683
8588
8869
462
7314
37
2350
7196
9335
8496
4347
6325
9674
7525
8180
7066
5881
2306
6399
8453
1963
8935
5776
5672
5988
4949
1833
7794
6195
7617
8972
5923
726
9952
5000
2624
1144
2019
1081
2694
2967
169
4200
1935
8532
1177
4823
3870
3686
895
3518
8708
9470
4524
3344
4286
4133
4666
5681
5967
5745
2322
8962
160
4506
9579
1390
488
7129
7635
6721
1590
2811
1575
7650
8916
8427
2280
7459
1082
8353
9228
2813
9680
7496
2640
348
5414
4864
4947
2193
2111
3757
95
7050
6174
8548
5786
7321
7243
9642
8754
1936
3895
8992
9550
856
5254
8270
2641
8111
3051
4052
2240
8650
3667
1846
3915
9443
5225
804
6095
5084
6127
8258
8789
7380
9155
7234
2284
2393
483
9197
561
1804
1657
6211
5697
4874
8972
8237
4489
7322
8303
6178
6733
767
5130
7160
7728
3838
2631
2592
9890
9470
1898
2941
6727
9390
8701
8629
6863
6720
1961
6640
4049
5850
3869
5800
5432
3116
348
3862
9507
4531
2461
7238
5407
8756
4808
7018
4491
2495
7999
9033
9343
4884
8957
5102
5743
2505
5335
6466
2764
7507
3450
7065
2938
3752
8741
2691
4719
929
6741
2294
5900
7235
3468
3001
8692
4673
7033
1721
8911
2824
2819
2890
1677
6183
4248
8498
81
3326
6140
1009
2667
286
7626
5808
6247
6045
2150
8240
5300
6361
8077
9377
6059
3887
21
9319
3456
1838
6862
3544
2995
5282
595
3090
3085
3193
6890
9513
2404
107
2846
9424
3233
2323
5101
6031
8252
5075
7786
9742
9051
4347
5144
1659
996
5131
805
9282
7025
4458
9383
3376
2983
545
7895
9088
4129
4842
2279
1587
7789
5053
7515
6815
5420
5654
5094
3144
7123
10000
1769
3730
7724
7324
8529
8497
3845
3016
6874
7916
5142
6614
2690
1507
2710
938
2745
7214
9129
6598
3460
9817
8338
9526
7948
5116
7665
5712
2713
8021
5622
5283
1790
8024
372
7747
2944
5325
711
5643
5879
8311
6355
807
9569
7426
5999
9779
3676
3693
2457
6782
3593
4867
1874
2815
6161
657
3091
9296
2561
3320
6961
3163
8282
8529
5478
6772
3392
5603
2869
2513
5484
1819
9696
2824
8745
6166
9995
2277
4702
8803
4790
4277
1466
3494
1781
3963
9744
3500
1744
9764
6374
9472
4887
3685
2712
891
4749
5118
6491
6221
8749
8469
7159
2857
6330
8378
9967
9371
2699
6759
696
2580
8531
9680
5217
233
8267
1066
5486
6491
6648
7452
1844
5351
310
5722
1195
9307
7925
8278
7787
8315
5298
9387
2771
9218
3832
9832
146
4371
3903
7342
748
559
8286
9780
7065
2910
9594
6670
676
1140
6277
1054
5137
2161
8030
5918
6256
3171
1815
7694
3861
564
4775
3579
8655
7568
5652
8508
6989
258
8168
9735
8068
3956
2974
7741
5721
738
1590
5121
8923
190
9658
6643
2194
7644
2670
5950
6283
943
9362
740
9777
2765
7272
8669
6762
3116
1493
1229
1731
8974
1207
9191
3704
6727
3575
2369
4931
5673
2630
4676
7559
9158
4161
6159
5776
9644
3951
7496
3938
3834
1928
3155
4589
2897
6790
3100
6797
7055
8627
3394
3959
7310
3389
1855
5497
6807
2679
8349
9608
2494
6961
5182
4821
879
1137
6850
8399
128
5914
4259
8139
7339
1368
3830
120
2392
5157
1381
115
7857
1370
5869
3629
1298
5537
1009
1603
8572
5769
4308
344
4196
7307
7715
1152
639
2702
6967
1060
2756
4031
6540
9133
7678
9132
1452
7891
7154
8687
6632
9828
5493
8458
9632
7157
9998
1029
363
1333
2528
8547
7042
7678
3170
7052
2593
7212
4810
612
7703
6154
429
5280
5073
3004
9106
1307
4838
4036
1981
628
2915
1674
3948
6584
805
203
9337
8113
6617
666
6777
2093
6208
7886
576
511
491
8085
6468
3066
8788
9072
5865
9088
8533
5122
7676
8572
1601
2711
5458
9644
6286
1898
3675
9732
2268
8112
7539
3442
1364
76
1346
8105
9601
5353
3624
7245
9897
4515
6586
1691
9185
4022
4115
958
917
6895
8628
8401
808
6389
924
446
3013
9980
5044
2660
7137
7643
1978
9683
6301
9518
6975
1445
7906
6105
2683
5198
1116
3828
9014
2662
4853
2545
5092
9192
4613
7990
3985
2774
7118
8197
3180
4832
1133
8031
5573
722
1620
6394
8353
6328
736
7913
7756
559
895
8422
5789
921
4956
8537
2262
9371
3936
8333
9680
9434
2421
1880
4780
8804
406
247
9517
8537
3995
3747
4281
3425
3299
6242
370
8527
4109
6108
778
1738
3037
1754
9991
1667
6879
371
2946
2671
329
4059
1112
5930
1414
7750
5082
4433
2695
1465
1354
4495
5525
2802
866
4726
8841
8751
926
7182
5440
3375
4844
2866
5919
7363
2648
8849
1055
6396
3502
4294
4000
2596
5739
148
1816
6990
3743
5816
5045
5291
3822
7556
8429
6573
7076
25
1333
52
4475
2082
3911
5153
5174
8379
3021
9540
4514
5122
9965
1446
3133
9686
4196
1197
9710
1229
4489
9925
5353
1131
3165
2592
3435
7893
900
2379
5114
2212
5319
5839
4542
8086
3029
2389
2742
6677
1361
6693
127
5327
5459
9905
6665
2921
3338
3151
5612
6450
1468
7977
9011
7464
6375
4475
476
9891
8722
1328
9159
124
1405
2919
4893
6309
4013
5264
2485
3484
2934
3005
8605
1434
2175
2022
8712
7096
38
2011
2805
8144
7985
184
5345
8943
9296
6659
2618
8519
4308
5648
4988
4783
8121
6971
2055
5400
3166
4590
909
5643
3229
2799
5575
4616
9465
8873
4279
5929
8740
7452
5837
776
4343
4530
2005
2768
5650
7714
1646
9391
5415
1751
1749
9617
3503
6385
3958
5062
4658
6094
5087
5715
1220
3368
7414
6900
324
1606
5898
7997
9896
9554
6414
6829
6714
3231
2275
6993
6529
4658
4423
7855
1377
9247
1042
4182
9273
2169
1048
3489
9026
8603
833
6483
9696
2806
1106
8593
2517
1038
8502
5922
7848
4126
5766
6555
4234
1284
1734
2195
3567
2579
3446
8984
2335
6534
2280
2263
4211
3349
7978
3322
6879
114
6904
1143
243
8232
1482
9921
8617
7891
9070
2493
5690
3937
543
4271
301
8784
2464
3234
9462
6265
4431
3418
6869
292
5419
5093
7671
6481
8597
9241
7198
7570
2301
918
9971
6551
1192
2140
9995
1105
2446
1557
7789
848
4555
781
7871
9669
1169
8522
6462
6732
1816
6464
3670
7628
1551
9581
318
4928
7457
1282
6631
2617
1204
511
4493
2003
4562
9857
7026
8505
306
7673
9222
8762
7054
3721
1995
1036
1584
7999
3296
6171
3632
5368
6973
8471
1901
9571
2833
7907
256
5655
1184
4402
2056
2092
2162
1196
4183
6588
6221
4195
8984
271
9156
2879
6360
6172
2928
1337
896
7771
6547
6721
7219
1023
8627
886
9313
8199
4598
2261
4032
5219
3215
4213
31
532
7690
6966
1718
9989
4786
5952
7362
4376
4727
2752
784
3683
1494
1910
7003
162
6574
7134
257
7549
4514
9255
9152
5261
8657
3594
6566
3896
722
7112
6166
9594
5716
7129
4957
4497
1999
2181
5633
4079
6541
7582
5001
8056
4764
1673
2045
7848
4826
2940
983
3858
9467
1417
5959
9960
4997
4536
5266
9274
5199
3924
1528
6988
3716
3734
9646
6606
2722
111
6731
3182
3936
9412
7985
2086
4487
2527
3976
1133
1186
8985
4881
9410
2198
2566
4098
9054
3095
8997
261
1349
6873
3355
8921
9600
5450
2011
2726
8812
8925
9917
4658
1522
5079
6680
6873
8400
2336
3008
645
6243
1292
5873
7171
443
7929
6035
5177
7620
886
4324
1851
6970
8375
551
6695
2188
7885
4297
214
902
6781
7999
1964
9299
5175
3783
6764
428
6476
6771
8585
6979
1873
7962
647
787
7978
4359
3702
7446
2158
4635
6135
2611
3639
419
890
8012
8543
5704
6934
5100
676
6926
7963
4435
4629
9449
8405
2333
9
3707
4661
5095
6585
2039
3953
976
6704
4058
910
3556
9226
3437
5383
2172
5991
6516
2900
3623
4011
2414
4404
7913
1091
2342
858
850
8367
6920
5358
8848
2518
7245
6540
4823
8067
6688
6201
8177
1840
252
5136
8951
6342
3339
2605
5966
3659
2342
201
5135
8144
6985
5353
3536
7675
8875
2606
9720
4987
9287
2847
7470
9541
8265
8305
3232
3428
9389
7507
9645
9153
3664
5108
6790
752
276
4231
4401
2733
6426
8000
4401
4432
5918
574
2099
3001
7884
7953
1330
3749
7041
6520
3985
2718
7576
86
1733
7307
7417
549
5661
6589
1618
6971
179
209
9631
1135
9505
9763
3813
2357
4070
5532
6283
737
5723
8258
2371
8563
8616
8890
3142
9932
2130
3304
1334
4251
1776
2748
1367
3206
2948
6753
7030
2934
253
8625
3106
8568
8564
3642
7587
3628
9587
8579
7356
3720
5688
5768
657
1752
1552
2736
6327
8038
1688
5738
5850
6768
1435
6052
8714
5753
4288
4656
4889
9883
888
5079
1062
5771
1656
2234
5896
8916
5510
7722
7572
3672
2355
8524
6502
5799
3096
6285
1285
3174
2952
7791
1396
6637
9375
3138
7971
5847
9936
1027
939
3462
9859
4378
4615
1367
506
9254
4500
4269
1864
2369
2608
495
6192
4712
1400
1138
4633
5921
5938
4034
474
4730
7033
690
602
288
2858
5563
720
6581
9230
5735
5076
6512
3213
4725
6175
1969
575
8126
8920
5961
6314
712
4482
2607
4261
7483
3691
6293
3406
8854
8055
8244
1138
6104
6563
8931
1307
3162
126
9104
1018
1405
489
6862
9061
9783
9224
7097
8507
2480
1082
6708
8765
5419
2349
9094
453
1598
35
1361
5101
5734
3837
6915
4526
8008
7854
5670
5771
5014
4085
8938
6425
4498
3140
1774
1374
8848
7103
8925
7205
2038
7354
7536
5919
9469
601
9536
1125
8250
7522
3485
580
2908
963
5646
2782
1652
8369
5133
7539
7581
3815
4914
9131
949
5848
9818
2631
8313
8617
9247
3555
5054
2670
5189
8248
7838
3862
2904
1291
2999
179
3128
7931
8477
5800
1091
3126
8850
8131
6087
8760
2499
6847
7445
266
3532
1790
4192
5003
7138
754
7763
1195
4810
5058
4970
3872
600
164
9820
6497
4001
1970
5141
8486
3320
1107
1636
8761
750
2108
5359
6697
4066
1642
2727
223
6387
8975
2755
2364
8717
5276
4702
8890
9184
7845
79
8636
7840
6222
5203
3498
8840
2903
1068
1051
9503
7079
3195
8056
7853
4082
7170
6520
8708
2301
6156
8031
4564
6614
3928
6454
9601
816
4792
9723
660
4723
528
6928
3300
6502
5887
1424
2725
3690
9202
8016
7277
484
5873
8131
2460
8345
8923
1380
3625
7212
4323
2703
4047
8659
7854
1238
229
8165
8983
1209
6980
5508
891
9088
4355
448
6215
561
4613
8813
6965
2234
1929
7976
9624
6489
5986
6530
3889
4262
7721
3329
6245
4670
5025
6196
3081
159
9302
7444
2491
9053
7532
3563
433
4420
7503
8812
1470
517
4309
1557
6783
6225
592
3871
523
6145
6697
5081
9197
1693
4919
1306
6305
5954
4628
9048
9863
9746
8957
1836
755
6172
812
3237
9462
2938
7802
9243
3997
6538
9007
651
9960
2497
2314
1854
9668
5351
209
1225
7763
2064
2689
1164
5031
2290
1106
2746
707
8905
1085
1702
5324
1238
9652
6852
7104
5828
8302
8344
9252
3509
9848
725
588
9145
2191
4050
3117
1483
2231
1932
6226
3302
5464
7722
6401
6898
2166
3088
4521
1184
5276
4712
5524
5555
2726
9681
5698
3504
6798
5323
3144
3323
2511
7231
4970
7166
6251
9710
5387
5379
7513
4563
9983
1210
3337
4105
6119
6018
371
3674
9199
3518
5902
642
9509
1811
9079
4794
6123
2127
8549
3025
4173
6881
8491
4931
9464
5996
6399
3667
8615
1688
1823
4670
8460
2441
669
1788
5699
3982
9943
1799
7618
2700
1076
3426
8854
9682
5580
7820
2905
8644
367
1273
4404
13
4961
9755
7997
6136
3162
7633
5843
8977
3320
838
8483
7043
8899
3255
6420
7021
872
5680
1907
8101
4596
9645
9070
8222
9480
4
1368
9251
715
341
336
3452
99
1863
3603
9190
1134
3459
9651
8750
1566
8544
2855
6226
1283
7853
9427
258
399
4573
6538
1740
1606
6505
7498
2496
7526
9195
2924
7743
600
1010
5082
6767
1831
8436
9609
3210
7439
6462
5411
738
6827
9429
3821
2096
1068
1470
6408
6611
2374
7738
3218
6102
7979
8872
6682
8547
5275
2389
3095
8268
6535
2796
1895
5704
1699
8034
4246
4245
894
2880
1615
6882
8217
6260
3631
5447
186
4572
9435
1218
7829
6012
3931
8525
2456
8107
1687
6396
3833
893
2879
5983
8723
883
8362
709
872
4642
1925
7226
6163
1803
9433
4701
7806
3850
2615
9847
5390
2554
5266
8571
284
4358
8537
5241
7567
9540
7835
3036
3143
307
4713
8869
8552
1030
432
6775
3205
4224
6968
3804
5676
8665
7778
5091
8053
9451
617
5715
3572
8738
629
6202
678
4197
8965
727
379
1843
738
9856
4160
2119
3216
2282
3478
9396
8012
6933
4722
2930
6680
13
6608
8869
1561
4181
9269
7447
7121
7580
4304
2966
8273
1624
6677
9435
533
8332
8896
5710
4877
8789
4143
3137
3842
1559
9910
9500
9985
2214
9813
5682
4497
6888
7649
9649
6470
9665
2115
1573
5563
4287
7087
9644
2752
7610
4423
1268
6851
9851
3032
6506
2667
9205
9352
3613
6739
531
4545
9396
4638
287
9086
8632
9751
3209
2159
3097
4080
6888
4585
2228
9198
7931
830
2085
7129
6373
3835
5696
6643
8689
8501
6042
5326
8011
5165
6159
4143
9720
1593
4473
8047
5525
4804
595
8898
3205
4013
1567
8425
5890
5506
1320
9939
3924
8134
8065
7830
3037
4451
894
9587
2197
8658
5203
5147
3104
4570
9359
7284
1847
8196
9743
6933
8877
9229
4375
9385
5575
4998
9284
9735
6253
7531
5723
1772
3201
1859
213
3405
1986
357
5619
1550
1018
496
5151
606
3929
2707
318
4785
6255
7667
4726
6817
3639
4465
4854
3757
9463
7819
9594
7269
5931
3082
5023
5671
3532
5455
6406
7878
9567
5655
9111
9972
8082
6771
1340
3073
7698
8494
9781
2016
2245
6964
2785
6898
9511
7228
5215
3844
7161
9890
9953
3080
7499
7729
1378
5161
3925
4107
2998
4044
8411
1646
9733
4851
9119
6194
4328
5224
7220
8543
5806
7118
7839
7485
3343
1328
3865
6758
8337
6604
7734
7974
7856
6696
662
321
5167
4452
9883
2887
794
7681
3913
3112
781
3106
5266
626
1571
2894
5503
4377
4036
2242
8612
1016
9349
9329
3792
1601
5391
5392
7156
7330
7971
8602
3785
4414
687
8366
1525
9343
1837
2070
9242
7023
1494
7940
1718
4931
4450
3844
2908
4019
6191
7923
2882
2344
2111
8556
3931
8461
4205
432
3710
4958
1973
2106
6879
3663
7786
1347
4248
1086
4421
6769
2960
6634
1184
4543
7458
948
8682
339
22
860
4304
4559
5050
6324
6698
5274
8926
8874
7721
451
9107
4368
2595
2279
3758
6396
9053
4038
5468
1054
5057
9460
693
2157
4581
91
3734
7459
9421
8929
7520
9293
7848
5706
1838
1175
4924
5326
7423
8522
8305
2211
389
4576
6349
5374
2513
1911
4053
243
9880
149
7651
296
2180
5870
8130
1202
174
1274
6513
4916
3587
1956
757
4210
4339
9053
8999
2371
2947
1531
535
8900
6613
3458
4441
4426
7365
7948
9615
3996
1045
4341
5492
4897
3318
53
39
2934
4881
2045
821
3158
2476
8327
5749
5125
9775
3449
1270
5100
407
3047
9444
1997
9402
1381
7978
7103
9077
4392
2454
1230
8573
8568
3151
1239
6405
8541
1321
6821
1211
7362
925
5486
5797
6955
9625
1247
1031
487
7689
6339
7605
1635
9561
9978
1021
8567
1984
8332
6728
7789
3081
2640
8693
8884
7620
1047
3655
9925
9194
1902
125
1150
1217
2774
5016
4643
7121
3823
5304
5069
9746
15
655
5066
5813
9859
7407
6456
1932
2202
6106
7938
4389
4437
3277
1915
7034
9555
2068
4181
2988
7922
4325
8608
5889
4874
1528
378
9261
2596
9326
8065
8115
5854
2484
9333
1235
4277
4518
2958
8592
4345
3531
1243
1237
9020
3091
4460
462
8034
4010
6874
6011
1134
7969
7685
8542
2251
5632
2779
2939
1438
1876
3689
4233
2423
9629
2471
4012
7625
4367
6642
9977
39
8333
3886
47
7808
1844
9936
4873
3308
2292
9713
3640
7035
8723
8829
4878
1781
7888
7275
1078
4229
2107
7962
8417
3335
8294
3137
6064
2885
3595
5125
4082
3479
9236
1901
3194
2368
3483
645
318
6066
6821
4576
3458
4968
4536
4779
5740
7764
6678
9674
9498
1533
3080
4254
215
7404
8475
458
412
3197
8819
5462
8288
6782
8584
3060
1171
1434
9862
4180
7855
1525
3708
5960
1040
9810
5152
543
8589
5287
9723
352
5148
9104
3142
2085
4352
853
3844
4250
7676
1106
3159
4432
7692
5428
9336
4327
7309
8673
3190
1083
2843
2620
8699
4435
158
5202
4311
7956
5054
5037
912
7006
5180
6976
2774
7013
8931
2776
674
2520
7395
5162
8810
2900
5538
9081
9841
5562
5938
298
6972
949
5226
8862
2935
4703
815
1651
9963
1314
3624
7601
5287
8299
1317
2475
3419
7287
9164
4432
610
3452
1625
300
269
5917
6037
6840
3925
4876
2141
7644
8251
1601
4062
3804
7869
1125
5711
9907
3133
5200
2974
9811
3389
842
9021
4166
8969
2705
8523
6208
2820
8782
179
317
4375
2884
2267
654
6468
3623
6833
835
4591
8500
520
2837
3323
3221
150
6871
7925
5744
103
1252
9836
1095
7888
7513
1773
2244
297
7695
3075
9212
4029
6609
4763
7668
6622
7678
9154
2434
7845
3225
1151
3995
4249
4289
2109
7864
8561
8049
4459
4722
4503
2652
6379
7845
7423
4868
3460
7694
3196
6283
328
1419
4782
235
4428
9729
8655
7333
5775
7124
7228
7267
9553
8009
6991
6608
4873
664
1702
4183
6293
2840
5085
4285
1247
6530
5273
6075
9395
1024
6040
3387
5562
1114
5998
5364
9162
4835
8433
4984
1583
6440
7987
9067
6389
5070
794
847
6859
1172
2780
5973
5713
7710
4918
877
4450
4437
5626
9118
5557
5049
7168
8566
8787
974
3087
3313
1601
2193
5681
5516
5629
8896
9687
6364
988
8976
6763
7213
5715
7765
809
8803
3767
3305
9427
8239
2925
212
4466
7680
1715
8452
2385
7647
2164
7618
166
1020
4101
1006
3497
682
2255
3236
409
6990
7918
4210
2719
6401
9867
6352
7547
2564
2456
7520
8286
9539
583
3803
7492
5930
6607
8161
241
7073
1560
980
4061
9088
9639
180
6429
3481
7444
8325
777
593
2370
3390
482
8149
1069
9748
5885
4649
7592
9753
5580
1671
7934
5915
1403
9341
7403
4990
6321
2219
1240
3288
4202
1619
7305
7615
3849
8006
9967
1894
2009
3433
8935
5899
4729
8603
1911
3052
2799
1876
5253
5194
4580
7014
2727
9994
8623
3411
7979
751
2464
7332
8461
4149
444
5001
9449
6177
5309
106
5598
6547
3217
2965
168
7170
1296
1771
2835
3617
7606
5583
9329
4015
7734
917
1841
9461
7765
8866
1244
1396
863
784
7092
7126
5956
4256
8392
2032
600
191
4746
997
2243
5332
5466
5746
5021
110
2967
6890
9019
2466
3700
8178
4775
1383
6679
9297
270
5611
6214
6813
2825
6231
1885
9046
7876
6287
5614
2777
7175
5021
4220
6852
9459
5050
2860
7440
6273
7622
7378
4250
7898
6402
9586
262
4340
2454
3065
3703
4550
8868
864
2776
381
8694
1576
7244
5407
8721
7439
5775
970
8079
1869
8681
8937
2304
8915
1839
3292
682
290
4002
1177
694
701
299
9877
863
6825
7337
9003
9198
8881
1512
2633
5466
5346
6370
7919
5237
6865
1762
2235
3309
952
7697
1018
5584
8987
4717
2007
4909
2327
181
7467
9588
4218
6594
7845
1309
3499
4742
7678
8564
6314
9577
1416
2168
2915
9992
3028
3358
1155
2716
1119
1763
9462
3681
8289
3836
5191
7100
760
7784
8646
4108
526
5723
8340
2969
7098
9350
8907
3961
2115
7848
7125
808
6039
8831
420
3880
8647
1542
4004
2331
6307
6424
7191
4123
3075
3290
9277
2458
3899
3998
8486
9136
566
5887
4805
2628
4172
8463
6058
3953
7920
6421
5517
1932
8410
2034
1693
4622
579
618
6469
2956
4922
5400
6205
3269
6138
7690
5181
2393
8231
1048
5238
1295
4461
9881
9197
4818
8064
3058
2865
688
2382
8765
2328
1912
2228
6229
6206
3032
206
3290
7545
6678
4463
8224
425
6473
3224
850
3233
1038
4345
156
559
3307
2506
856
8633
4975
953
8505
9249
9417
3206
1319
4555
5818
8847
338
2967
345
6177
768
1979
6298
1951
6671
8961
2022
4185
638
5798
3868
7368
3544
9279
7502
8343
831
2728
2790
8231
6474
8251
3243
4201
3513
1304
158
8741
8585
4821
4121
9799
5232
6011
4849
1406
368
1419
5973
5706
1820
2964
327
6355
1482
7482
8764
7795
6635
5962
2947
4126
8140
7673
5247
5317
7405
1298
2378
4203
7391
9600
4065
2644
1839
8000
8092
4066
7029
8256
7068
2913
446
3863
9312
366
5524
3308
5268
6387
6865
3648
5839
2105
2907
7001
546
6871
2988
2368
4331
272
6330
47
4812
2055
2394
1945
2054
26
3358
3614
3485
9081
2660
6652
1247
4649
5248
5786
2609
2695
6858
7258
4044
1276
4780
4827
490
5683
796
5454
4291
7792
2798
3456
3175
1868
4253
5917
8884
2050
6729
2322
8174
2209
7345
4795
1356
271
19
5873
8123
5007
7775
9093
9223
6000
4924
9006
4382
9748
9661
2897
2795
3982
4364
9847
7616
8509
6633
9010
7065
7141
358
1525
1834
605
5927
1113
1208
9430
3308
34
4446
7894
1193
2300
2109
1133
9503
8622
1439
8392
3960
4117
9432
6094
390
8462
8108
9100
1345
8630
4325
2715
7416
5541
1480
5272
9679
8930
2994
7563
6984
4182
6399
63
5435
8539
1901
1140
3880
4200
7899
5849
9064
9705
9911
124
3824
1373
4541
5302
2566
335
7219
4069
8960
6320
7995
8495
7272
4835
2772
3757
3367
6018
1044
7160
2334
1717
3561
6751
6901
8424
1410
2408
5405
4413
5156
2827
6084
9414
3808
4463
7172
8424
3311
8372
8168
9636
7047
649
2906
5380
3108
8739
9174
8355
5837
7585
7046
7981
9435
5172
951
5076
9981
3615
864
6992
8076
1253
9061
8980
2105
9020
1200
1771
3526
9523
9627
5844
5678
4615
283
2338
3442
1549
2726
7301
1166
3308
3017
49
3521
7694
4199
2994
7526
1040
1656
1717
1041
5717
5930
3958
5703
6080
4824
800
3712
5943
665
7090
6557
1400
4650
7644
7034
5494
6514
4374
2124
9817
5602
2959
4559
629
3830
9486
1663
9795
6441
1886
358
7125
7416
8116
7805
3749
8523
1899
588
7141
7236
8217
3808
6107
1554
4668
6427
5965
6830
9552
1381
586
465
7355
5228
4932
2239
7022
861
4393
9676
2070
5375
9702
4199
5337
9822
2277
3345
2886
9521
9754
3227
2195
3329
9547
2952
6889
1835
8667
2519
2025
7459
9982
1611
5201
4141
116
5177
9729
4033
8802
7547
4736
5884
9452
7078
8638
5649
8111
6570
3118
2891
5311
987
7322
4421
2308
4966
3326
623
64
3017
6351
1099
2877
6883
8945
7443
845
8384
3072
7386
3870
2297
8489
7206
7853
9127
2546
2008
4442
4115
9305
3908
8066
2464
3972
966
5651
6209
3899
1275
677
20
8974
6315
3167
5625
620
7478
7471
9909
5700
3172
215
4807
3048
8992
537
4805
1380
6050
3083
8439
3062
1623
1623
5901
4056
5453
3295
2879
8802
1547
914
40
3220
1918
7790
840
4959
622
8739
3678
9244
2408
3233
7181
8290
8000
6551
4195
7519
4626
4708
4697
1220
3006
172
4396
379
4964
3264
5480
85
9337
240
2185
7009
4420
5645
2461
1409
822
5225
700
9847
3124
5310
5641
5981
2836
5801
8198
8311
6930
4267
9852
852
708
9158
5593
216
7985
7165
3762
5662
1163
7293
9112
6772
3489
363
5120
7266
6684
3762
7714
1135
1642
7309
9673
6621
3490
7979
3780
6094
733
5316
6469
1951
5537
1470
9808
6629
8064
879
9172
571
3220
8895
8951
8903
3276
4407
5616
4933
9582
4564
4142
3754
873
2479
1450
1912
6265
6238
4875
6830
480
1569
4683
2468
713
8035
5935
7906
3288
3045
8011
5392
8248
6641
5842
5594
1261
1657
266
7593
3802
4537
977
8866
5690
1386
7033
8653
7723
6188
1296
5351
274
1943
5964
7751
3210
964
1397
8891
7891
8726
2608
8020
5442
1208
1679
5978
8155
1363
5112
1837
6765
2681
4617
6674
8586
7575
6355
5386
1998
5773
455
3032
38
5040
4507
670
3241
3604
5265
3158
2370
5892
5473
8601
5542
4915
1668
7055
2010
8317
7201
5861
3433
229
2829
2420
7589
582
3276
9391
879
4892
2311
8744
741
275
546
9943
7859
4564
5110
220
3249
9850
6640
8481
7819
4249
1623
8321
9474
619
4647
7612
7842
3314
9115
5360
8170
1659
8546
9641
971
2659
8891
8957
845
4641
1279
4716
4588
5940
2343
7484
5008
9829
1059
2278
6651
5117
4965
2931
9529
9041
1206
6615
24
1950
8589
3288
1749
6086
3209
8923
3237
510
5905
7233
8819
7560
8900
158
4631
8932
630
1017
7645
4209
1439
6652
3661
1798
160
4795
7595
209
5083
5835
6793
7547
2116
5377
7424
7094
5506
397
7596
9279
6349
6050
9241
5898
2402
475
120
8790
4891
3086
1450
2816
4449
7221
4465
6012
2937
9127
1118
1028
6786
4700
2177
6223
3837
5423
7750
8697
6833
9987
1569
2374
1245
8568
8388
860
3419
2990
3965
6236
5063
1745
3029
2414
8461
2655
7921
8211
1520
903
7459
2856
2783
9888
6371
5836
1309
6547
3662
2881
7978
8977
1982
2037
9928
8896
9802
7005
9859
9428
7555
7301
6485
9893
5117
9768
2112
8999
96
9549
4552
9106
3711
4877
3486
1039
7057
9977
9612
607
9863
8833
1464
2079
9118
6412
4110
8947
6968
2707
116
1015
3211
4437
5279
2695
9742
2491
9480
2769
6106
5737
7138
8794
150
5340
9862
6496
7936
9144
3728
1438
7805
3391
9793
3135
3566
3012
8277
7084
8984
468
5991
814
42
4550
1019
6169
4309
747
6005
8898
457
1978
5989
7485
1476
4869
3450
6251
8546
1677
9470
9458
8589
7830
9
9617
3517
8633
9888
137
8670
4660
2865
1449
8389
5532
8267
2900
7146
2403
1760
3006
6152
1487
2403
2337
7188
2925
4530
3531
1481
8255
6363
4182
1233
3251
4252
5670
1295
4275
7704
2981
9943
8021
8696
1708
8399
3646
1036
9400
2160
197
9500
1916
4532
7912
4657
1509
9733
3495
8083
7638
2370
112
2818
6282
554
5145
5931
5291
5778
6285
5992
2242
3801
785
2722
394
1014
4202
3697
8740
5873
6007
9984
5059
8702
7065
5972
7862
1393
9966
9193
5187
4598
5417
233
4128
6086
7469
7335
3210
5226
6817
2609
1700
5197
650
9598
3451
8253
8956
1097
6975
2384
893
7376
4484
3512
1457
2482
2211
8002
752
7476
4885
7757
9578
4092
5808
2804
9541
3417
6258
6156
5039
6567
2351
6200
9540
8877
4366
4848
6467
1748
7137
7095
7482
5386
9066
1007
8864
82
4895
9470
2549
1597
3090
1504
3446
6926
7671
3238
5001
1746
4814
4533
173
9700
4005
1183
3069
1917
3171
2605
6409
6772
704
4731
1034
1090
8383
4254
3173
7416
4302
4290
7031
7289
5038
6881
3359
3098
9616
463
7888
1607
4724
3215
1357
7453
7515
3387
8664
6445
8690
3504
3837
587
9607
8647
6977
7886
7102
991
4752
889
6942
4261
2626
